422 10
0.038076 0.050680 0.061696 0.021872 -0.044223 -0.034821 -0.043401 -0.002592 0.019908 -0.017646 
-0.001882 -0.044642 -0.051474 -0.026328 -0.008449 -0.019163 0.074412 -0.039493 -0.068330 -0.092204 
0.085299 0.050680 0.044451 -0.005671 -0.045599 -0.034194 -0.032356 -0.002592 0.002864 -0.025930 
-0.089063 -0.044642 -0.011595 -0.036656 0.012191 0.024991 -0.036038 0.034309 0.022692 -0.009362 
0.005383 -0.044642 -0.036385 0.021872 0.003935 0.015596 0.008142 -0.002592 -0.031991 -0.046641 
-0.092695 -0.044642 -0.040696 -0.019442 -0.068991 -0.079288 0.041277 -0.076395 -0.041180 -0.096346 
-0.045472 0.050680 -0.047163 -0.015999 -0.040096 -0.024800 0.000779 -0.039493 -0.062913 -0.038357 
0.063504 0.050680 -0.001895 0.066630 0.090620 0.108914 0.022869 0.017703 -0.035817 0.003064 
0.041708 0.050680 0.061696 -0.040099 -0.013953 0.006202 -0.028674 -0.002592 -0.014956 0.011349 
-0.070900 -0.044642 0.039062 -0.033214 -0.012577 -0.034508 -0.024993 -0.002592 0.067736 -0.013504 
-0.096328 -0.044642 -0.083808 0.008101 -0.103389 -0.090561 -0.013948 -0.076395 -0.062913 -0.034215 
0.027178 0.050680 0.017506 -0.033214 -0.007073 0.045972 -0.065491 0.071210 -0.096433 -0.059067 
0.016281 -0.044642 -0.028840 -0.009113 -0.004321 -0.009769 0.044958 -0.039493 -0.030751 -0.042499 
0.005383 0.050680 -0.001895 0.008101 -0.004321 -0.015719 -0.002903 -0.002592 0.038393 -0.013504 
0.045341 -0.044642 -0.025607 -0.012556 0.017694 -0.000061 0.081775 -0.039493 -0.031991 -0.075636 
-0.052738 0.050680 -0.018062 0.080401 0.089244 0.107662 -0.039719 0.108111 0.036056 -0.042499 
-0.005515 -0.044642 0.042296 0.049415 0.024574 -0.023861 0.074412 -0.039493 0.052280 0.027917 
0.070769 0.050680 0.012117 0.056301 0.034206 0.049416 -0.039719 0.034309 0.027368 -0.001078 
-0.038207 -0.044642 -0.010517 -0.036656 -0.037344 -0.019476 -0.028674 -0.002592 -0.018118 -0.017646 
-0.027310 -0.044642 -0.018062 -0.040099 -0.002945 -0.011335 0.037595 -0.039493 -0.008944 -0.054925 
-0.049105 -0.044642 -0.056863 -0.043542 -0.045599 -0.043276 0.000779 -0.039493 -0.011901 0.015491 
-0.085430 0.050680 -0.022373 0.001215 -0.037344 -0.026366 0.015505 -0.039493 -0.072128 -0.017646 
-0.085430 -0.044642 -0.004050 -0.009113 -0.002945 0.007767 0.022869 -0.039493 -0.061177 -0.013504 
0.045341 0.050680 0.060618 0.031053 0.028702 -0.047347 -0.054446 0.071210 0.133599 0.135612 
-0.063635 -0.044642 0.035829 -0.022885 -0.030464 -0.018850 -0.006584 -0.002592 -0.025952 -0.054925 
-0.067268 0.050680 -0.012673 -0.040099 -0.015328 0.004636 -0.058127 0.034309 0.019199 -0.034215 
-0.107226 -0.044642 -0.077342 -0.026328 -0.089630 -0.096198 0.026550 -0.076395 -0.042572 -0.005220 
-0.023677 -0.044642 0.059541 -0.040099 -0.042848 -0.043589 0.011824 -0.039493 -0.015998 0.040343 
0.052606 -0.044642 -0.021295 -0.074528 -0.040096 -0.037639 -0.006584 -0.039493 -0.000609 -0.054925 
0.067136 0.050680 -0.006206 0.063187 -0.042848 -0.095885 0.052322 -0.076395 0.059424 0.052770 
-0.060003 -0.044642 0.044451 -0.019442 -0.009825 -0.007577 0.022869 -0.039493 -0.027129 -0.009362 
-0.023677 -0.044642 -0.065486 -0.081414 -0.038720 -0.053610 0.059685 -0.076395 -0.037128 -0.042499 
0.034443 0.050680 0.125287 0.028758 -0.053855 -0.012900 -0.102307 0.108111 0.000271 0.027917 
0.030811 -0.044642 -0.050396 -0.002228 -0.044223 -0.089935 0.118591 -0.076395 -0.018118 0.003064 
0.016281 -0.044642 -0.063330 -0.057314 -0.057983 -0.048912 0.008142 -0.039493 -0.059473 -0.067351 
0.048974 0.050680 -0.030996 -0.049280 0.049341 -0.004132 0.133318 -0.053516 0.021311 0.019633 
0.012648 -0.044642 0.022895 0.052858 0.008063 -0.028558 0.037595 -0.039493 0.054724 -0.025930 
-0.009147 -0.044642 0.011039 -0.057314 -0.024960 -0.042963 0.030232 -0.039493 0.017037 -0.005220 
-0.001882 0.050680 0.071397 0.097616 0.087868 0.075407 -0.021311 0.071210 0.071424 0.023775 
-0.001882 0.050680 0.014272 -0.074528 0.002559 0.006202 -0.013948 -0.002592 0.019199 0.003064 
0.005383 0.050680 -0.008362 0.021872 0.054845 0.073215 -0.024993 0.034309 0.012553 0.094191 
-0.099961 -0.044642 -0.067641 -0.108957 -0.074494 -0.072712 0.015505 -0.039493 -0.049868 -0.009362 
-0.060003 0.050680 -0.010517 -0.014852 -0.049727 -0.023547 -0.058127 0.015858 -0.009919 -0.034215 
0.019913 -0.044642 -0.023451 -0.071085 0.020446 -0.010082 0.118591 -0.076395 -0.042572 0.073480 
0.045341 0.050680 0.068163 0.008101 -0.016704 0.004636 -0.076536 0.071210 0.032433 -0.017646 
0.027178 0.050680 -0.035307 0.032201 -0.011201 0.001504 -0.010266 -0.002592 -0.014956 -0.050783 
-0.056370 -0.044642 -0.011595 -0.033214 -0.046975 -0.047660 0.004460 -0.039493 -0.007979 -0.088062 
-0.078165 -0.044642 -0.073030 -0.057314 -0.084126 -0.074277 -0.024993 -0.039493 -0.018118 -0.083920 
0.067136 0.050680 -0.041774 0.011544 0.002559 0.005889 0.041277 -0.039493 -0.059473 -0.021788 
-0.041840 0.050680 0.014272 -0.005671 -0.012577 0.006202 -0.072854 0.071210 0.035462 -0.013504 
0.034443 -0.044642 -0.007284 0.014987 -0.044223 -0.037326 -0.002903 -0.039493 -0.021394 0.007207 
0.059871 0.050680 0.016428 0.028758 -0.041472 -0.029184 -0.028674 -0.002592 -0.002397 -0.021788 
-0.052738 -0.044642 -0.009439 -0.005671 0.039710 0.044719 0.026550 -0.002592 -0.018118 -0.013504 
-0.009147 -0.044642 -0.015906 0.070073 0.012191 0.022172 0.015505 -0.002592 -0.033249 0.048628 
-0.049105 -0.044642 0.025051 0.008101 0.020446 0.017788 0.052322 -0.039493 -0.041180 0.007207 
-0.041840 -0.044642 -0.049318 -0.036656 -0.007073 -0.022608 0.085456 -0.039493 -0.066488 0.007207 
-0.041840 -0.044642 0.041218 -0.026328 -0.031840 -0.030437 -0.036038 0.002943 0.033657 -0.017646 
-0.027310 -0.044642 -0.063330 -0.050428 -0.089630 -0.104340 0.052322 -0.076395 -0.056158 -0.067351 
0.041708 -0.044642 -0.064408 0.035644 0.012191 -0.057994 0.181179 -0.076395 -0.000609 -0.050783 
0.063504 0.050680 -0.025607 0.011544 0.064477 0.048477 0.030232 -0.002592 0.038393 0.019633 
-0.070900 -0.044642 -0.004050 -0.040099 -0.066239 -0.078662 0.052322 -0.076395 -0.051401 -0.034215 
-0.041840 0.050680 0.004572 -0.053871 -0.044223 -0.027305 -0.080217 0.071210 0.036646 0.019633 
-0.027310 0.050680 -0.007284 -0.040099 -0.011201 -0.013840 0.059685 -0.039493 -0.082381 -0.025930 
-0.034575 -0.044642 -0.037463 -0.060757 0.020446 0.043466 -0.013948 -0.002592 -0.030751 -0.071494 
0.067136 0.050680 -0.025607 -0.040099 -0.063487 -0.059873 -0.002903 -0.039493 -0.019197 0.011349 
-0.045472 0.050680 -0.024529 0.059744 0.005311 0.014970 -0.054446 0.071210 0.042345 0.015491 
-0.009147 0.050680 -0.018062 -0.033214 -0.020832 0.012152 -0.072854 0.071210 0.000271 0.019633 
0.041708 0.050680 -0.014828 -0.017147 -0.005697 0.008394 -0.013948 -0.001854 -0.011901 0.003064 
0.038076 0.050680 -0.029918 -0.040099 -0.033216 -0.024174 -0.010266 -0.002592 -0.012908 0.003064 
0.016281 -0.044642 -0.046085 -0.005671 -0.075870 -0.061438 -0.013948 -0.039493 -0.051401 0.019633 
-0.001882 -0.044642 -0.069797 -0.012556 -0.000193 -0.009143 0.070730 -0.039493 -0.062913 0.040343 
-0.001882 -0.044642 0.033673 0.125158 0.024574 0.026243 -0.010266 -0.002592 0.026714 0.061054 
0.063504 0.050680 -0.004050 -0.012556 0.103003 0.048790 0.056003 -0.002592 0.084495 -0.017646 
0.012648 0.050680 -0.020218 -0.002228 0.038334 0.053174 -0.006584 0.034309 -0.005145 -0.009362 
0.012648 0.050680 0.002417 0.056301 0.027326 0.017162 0.041277 -0.039493 0.003712 0.073480 
-0.009147 0.050680 -0.030996 -0.026328 -0.011201 -0.001001 -0.021311 -0.002592 0.006209 0.027917 
-0.030942 0.050680 0.028284 0.070073 -0.126781 -0.106845 -0.054446 -0.047981 -0.030751 0.015491 
-0.096328 -0.044642 -0.036385 -0.074528 -0.038720 -0.027618 0.015505 -0.039493 -0.074089 -0.001078 
0.005383 -0.044642 -0.057941 -0.022885 -0.067615 -0.068328 -0.054446 -0.002592 0.042896 -0.083920 
-0.103593 -0.044642 -0.037463 -0.026328 0.002559 0.019980 0.011824 -0.002592 -0.068330 -0.025930 
0.070769 -0.044642 0.012117 0.042530 0.071357 0.053487 0.052322 -0.002592 0.025393 -0.005220 
0.012648 0.050680 -0.022373 -0.029771 0.010815 0.028435 -0.021311 0.034309 -0.006080 -0.001078 
-0.016412 -0.044642 -0.035307 -0.026328 0.032830 0.017162 0.100183 -0.039493 -0.070209 -0.079778 
-0.038207 -0.044642 0.009961 -0.046985 -0.059359 -0.052983 -0.010266 -0.039493 -0.015998 -0.042499 
0.001751 -0.044642 -0.039618 -0.100923 -0.029088 -0.030124 0.044958 -0.050195 -0.068330 -0.129483 
0.045341 -0.044642 0.071397 0.001215 -0.009825 -0.001001 0.015505 -0.039493 -0.041180 -0.071494 
-0.070900 0.050680 -0.075186 -0.040099 -0.051103 -0.015092 -0.039719 -0.002592 -0.096433 -0.034215 
0.045341 -0.044642 -0.006206 0.011544 0.063101 0.016222 0.096501 -0.039493 0.042896 -0.038357 
-0.052738 0.050680 -0.040696 -0.067642 -0.031840 -0.037013 0.037595 -0.039493 -0.034524 0.069338 
-0.045472 -0.044642 -0.048241 -0.019442 -0.000193 -0.016032 0.067048 -0.039493 -0.024791 0.019633 
0.012648 -0.044642 -0.025607 -0.040099 -0.030464 -0.045155 0.078093 -0.076395 -0.072128 0.011349 
0.045341 -0.044642 0.051996 -0.053871 0.063101 0.064760 -0.010266 0.034309 0.037232 0.019633 
-0.020045 -0.044642 0.004572 0.097616 0.005311 -0.020729 0.063367 -0.039493 0.012553 0.011349 
-0.049105 -0.044642 -0.064408 -0.102071 -0.002945 -0.015406 0.063367 -0.047243 -0.033249 -0.054925 
-0.078165 -0.044642 -0.016984 -0.012556 -0.000193 -0.013527 0.070730 -0.039493 -0.041180 -0.092204 
-0.070900 -0.044642 -0.057941 -0.081414 -0.045599 -0.028871 -0.043401 -0.002592 0.001144 -0.005220 
0.056239 0.050680 0.009961 0.049415 -0.004321 -0.012274 -0.043401 0.034309 0.060788 0.032059 
-0.027310 -0.044642 0.088642 -0.025180 0.021822 0.042527 -0.032356 0.034309 0.002864 0.077622 
0.001751 0.050680 -0.005128 -0.012556 -0.015328 -0.013840 0.008142 -0.039493 -0.006080 -0.067351 
-0.001882 -0.044642 -0.064408 0.011544 0.027326 0.037517 -0.013948 0.034309 0.011784 -0.054925 
0.016281 -0.044642 0.017506 -0.022885 0.060349 0.044406 0.030232 -0.002592 0.037232 -0.001078 
0.016281 0.050680 -0.045007 0.063187 0.010815 -0.000374 0.063367 -0.039493 -0.030751 0.036201 
-0.092695 -0.044642 0.028284 -0.015999 0.036958 0.024991 0.056003 -0.039493 -0.005145 -0.001078 
0.059871 0.050680 0.041218 0.011544 0.041086 0.070710 -0.036038 0.034309 -0.010904 -0.030072 
-0.027310 -0.044642 0.064930 -0.002228 -0.024960 -0.017284 0.022869 -0.039493 -0.061177 -0.063209 
0.023546 0.050680 -0.032073 -0.040099 -0.031840 -0.021669 -0.013948 -0.002592 -0.010904 0.019633 
-0.096328 -0.044642 -0.076264 -0.043542 -0.045599 -0.034821 0.008142 -0.039493 -0.059473 -0.083920 
0.027178 -0.044642 0.049840 -0.055018 -0.002945 0.040648 -0.058127 0.052759 -0.052959 -0.005220 
0.019913 0.050680 0.045529 0.029906 -0.062111 -0.055802 -0.072854 0.026929 0.045601 0.040343 
0.038076 0.050680 -0.009439 0.002363 0.001183 0.037517 -0.054446 0.050176 -0.025952 0.106617 
0.041708 0.050680 -0.032073 -0.022885 -0.049727 -0.040144 0.030232 -0.039493 -0.126097 0.015491 
0.019913 -0.044642 0.004572 -0.026328 0.023198 0.010273 0.067048 -0.039493 -0.023645 -0.046641 
-0.085430 -0.044642 0.020739 -0.026328 0.005311 0.019667 -0.002903 -0.002592 -0.023645 0.003064 
0.019913 0.050680 0.014272 0.063187 0.014942 0.020293 -0.047082 0.034309 0.046661 0.090049 
0.023546 -0.044642 0.110198 0.063187 0.013567 -0.032942 -0.024993 0.020655 0.099240 0.023775 
-0.030942 0.050680 0.001339 -0.005671 0.064477 0.049416 -0.047082 0.108111 0.083797 0.003064 
0.048974 0.050680 0.058463 0.070073 0.013567 0.020607 -0.021311 0.034309 0.022004 0.027917 
0.059871 -0.044642 -0.021295 0.087287 0.045213 0.031567 -0.047082 0.071210 0.079121 0.135612 
-0.056370 0.050680 -0.010517 0.025315 0.023198 0.040022 -0.039719 0.034309 0.020612 0.056912 
0.016281 -0.044642 -0.047163 -0.002228 -0.019456 -0.042963 0.033914 -0.039493 0.027368 0.027917 
-0.049105 -0.044642 0.004572 0.011544 -0.037344 -0.018537 -0.017629 -0.002592 -0.039810 -0.021788 
0.063504 -0.044642 0.017506 0.021872 0.008063 0.021546 -0.036038 0.034309 0.019908 0.011349 
0.048974 0.050680 0.081097 0.021872 0.043837 0.064134 -0.054446 0.071210 0.032433 0.048628 
0.005383 0.050680 0.034751 -0.001080 0.152538 0.198788 -0.061809 0.185234 0.015567 0.073480 
-0.005515 -0.044642 0.023973 0.008101 -0.034592 -0.038892 0.022869 -0.039493 -0.015998 -0.013504 
-0.005515 0.050680 -0.008362 -0.002228 -0.033216 -0.063630 -0.036038 -0.002592 0.080585 0.007207 
-0.089063 -0.044642 -0.061174 -0.026328 -0.055231 -0.054549 0.041277 -0.076395 -0.093936 -0.054925 
0.034443 0.050680 -0.001895 -0.012556 0.038334 0.013717 0.078093 -0.039493 0.004552 -0.096346 
-0.052738 -0.044642 -0.062252 -0.026328 -0.005697 -0.005072 0.030232 -0.039493 -0.030751 -0.071494 
0.009016 -0.044642 0.016428 0.004658 0.009439 0.010586 -0.028674 0.034309 0.038968 0.119043 
-0.063635 0.050680 0.096186 0.104501 -0.002945 -0.004759 -0.006584 -0.002592 0.022692 0.073480 
-0.096328 -0.044642 -0.069797 -0.067642 -0.019456 -0.010708 0.015505 -0.039493 -0.046879 -0.079778 
0.016281 0.050680 -0.021295 -0.009113 0.034206 0.047850 0.000779 -0.002592 -0.012908 0.023775 
-0.041840 0.050680 -0.053630 -0.040099 -0.084126 -0.071772 -0.002903 -0.039493 -0.072128 -0.030072 
-0.074533 -0.044642 0.043373 -0.033214 0.012191 0.000252 0.063367 -0.039493 -0.027129 -0.046641 
-0.005515 -0.044642 0.056307 -0.036656 -0.048351 -0.042963 -0.072854 0.037999 0.050782 0.056912 
-0.092695 -0.044642 -0.081653 -0.057314 -0.060735 -0.068014 0.048640 -0.076395 -0.066488 -0.021788 
0.005383 -0.044642 0.049840 0.097616 -0.015328 -0.016345 -0.006584 -0.002592 0.017037 -0.013504 
0.034443 0.050680 0.111276 0.076958 -0.031840 -0.033881 -0.021311 -0.002592 0.028017 0.073480 
0.023546 -0.044642 0.061696 0.052858 -0.034592 -0.048912 -0.028674 -0.002592 0.054724 -0.005220 
0.041708 0.050680 0.014272 0.042530 -0.030464 -0.001314 -0.043401 -0.002592 -0.033249 0.015491 
-0.027310 -0.044642 0.047685 -0.046985 0.034206 0.057245 -0.080217 0.130252 0.045066 0.131470 
0.041708 0.050680 0.012117 0.039087 0.054845 0.044406 0.004460 -0.002592 0.045601 -0.001078 
-0.030942 -0.044642 0.005650 -0.009113 0.019070 0.006828 0.074412 -0.039493 -0.041180 -0.042499 
0.030811 0.050680 0.046607 -0.015999 0.020446 0.050669 -0.058127 0.071210 0.006209 0.007207 
-0.041840 -0.044642 0.128521 0.063187 -0.033216 -0.032629 0.011824 -0.039493 -0.015998 -0.050783 
-0.030942 0.050680 0.059541 0.001215 0.012191 0.031567 -0.043401 0.034309 0.014823 0.007207 
-0.056370 -0.044642 0.092953 -0.019442 0.014942 0.023425 -0.028674 0.025453 0.026056 0.040343 
-0.060003 0.050680 0.015350 -0.019442 0.036958 0.048164 0.019187 -0.002592 -0.030751 -0.001078 
-0.049105 0.050680 -0.005128 -0.046985 -0.020832 -0.020416 -0.069172 0.071210 0.061238 -0.038357 
0.023546 -0.044642 0.070319 0.025315 -0.034592 -0.014466 -0.032356 -0.002592 -0.019197 -0.009362 
0.001751 -0.044642 -0.004050 -0.005671 -0.008449 -0.023861 0.052322 -0.039493 -0.008944 -0.013504 
-0.034575 0.050680 -0.000817 0.070073 0.039710 0.066952 -0.065491 0.108111 0.026714 0.073480 
0.041708 0.050680 -0.043929 0.063187 -0.004321 0.016222 -0.013948 -0.002592 -0.034524 0.011349 
0.067136 0.050680 0.020739 -0.005671 0.020446 0.026243 -0.002903 -0.002592 0.008640 0.003064 
-0.027310 0.050680 0.060618 0.049415 0.085116 0.086368 -0.002903 0.034309 0.037814 0.048628 
-0.016412 -0.044642 -0.010517 0.001215 -0.037344 -0.035760 0.011824 -0.039493 -0.021394 -0.034215 
-0.001882 0.050680 -0.033151 -0.018294 0.031454 0.042840 -0.013948 0.019917 0.010226 0.027917 
-0.012780 -0.044642 -0.065486 -0.069938 0.001183 0.016849 -0.002903 -0.007020 -0.030751 -0.050783 
-0.005515 -0.044642 0.043373 0.087287 0.013567 0.007141 -0.013948 -0.002592 0.042345 -0.017646 
-0.009147 -0.044642 -0.062252 -0.074528 -0.023584 -0.013214 0.004460 -0.039493 -0.035817 -0.046641 
-0.045472 0.050680 0.063852 0.070073 0.133274 0.131461 -0.039719 0.108111 0.075738 0.085907 
-0.052738 -0.044642 0.030440 -0.074528 -0.023584 -0.011335 -0.002903 -0.002592 -0.030751 -0.001078 
0.016281 0.050680 0.072474 0.076958 -0.008449 0.005575 -0.006584 -0.002592 -0.023645 0.061054 
0.045341 -0.044642 -0.019140 0.021872 0.027326 -0.013527 0.100183 -0.039493 0.017763 -0.013504 
-0.041840 -0.044642 -0.066563 -0.046985 -0.037344 -0.043276 0.048640 -0.039493 -0.056158 -0.013504 
-0.056370 0.050680 -0.060097 -0.036656 -0.088254 -0.070833 -0.013948 -0.039493 -0.078141 -0.104630 
0.070769 -0.044642 0.069241 0.037939 0.021822 0.001504 -0.036038 0.039106 0.077633 0.106617 
0.001751 0.050680 0.059541 -0.002228 0.061725 0.063195 -0.058127 0.108111 0.068982 0.127328 
-0.001882 -0.044642 -0.026684 0.049415 0.058973 -0.016032 -0.047082 0.071210 0.133599 0.019633 
0.023546 0.050680 -0.020218 -0.036656 -0.013953 -0.015092 0.059685 -0.039493 -0.096433 -0.017646 
-0.020045 -0.044642 -0.046085 -0.098628 -0.075870 -0.059873 -0.017629 -0.039493 -0.051401 -0.046641 
0.041708 0.050680 0.071397 0.008101 0.038334 0.015909 -0.017629 0.034309 0.073410 0.085907 
-0.063635 0.050680 -0.079497 -0.005671 -0.071743 -0.066449 -0.010266 -0.039493 -0.018118 -0.054925 
0.016281 0.050680 0.009961 -0.043542 -0.096510 -0.094632 -0.039719 -0.039493 0.017037 0.007207 
0.067136 -0.044642 -0.038540 -0.026328 -0.031840 -0.026366 0.008142 -0.039493 -0.027129 0.003064 
0.045341 0.050680 0.019662 0.039087 0.020446 0.025930 0.008142 -0.002592 -0.003304 0.019633 
0.048974 -0.044642 0.027206 -0.025180 0.023198 0.018414 -0.061809 0.080066 0.072224 0.032059 
0.041708 -0.044642 -0.008362 -0.026328 0.024574 0.016222 0.070730 -0.039493 -0.048362 -0.030072 
-0.023677 -0.044642 -0.015906 -0.012556 0.020446 0.041274 -0.043401 0.034309 0.014072 -0.009362 
-0.038207 0.050680 0.004572 0.035644 -0.011201 0.005889 -0.047082 0.034309 0.016305 -0.001078 
0.048974 -0.044642 -0.042852 -0.053871 0.045213 0.050042 0.033914 -0.002592 -0.025952 -0.063209 
0.045341 0.050680 0.005650 0.056301 0.064477 0.089186 -0.039719 0.071210 0.015567 -0.009362 
0.045341 0.050680 -0.035307 0.063187 -0.004321 -0.001627 -0.010266 -0.002592 0.015567 0.056912 
0.016281 -0.044642 0.023973 -0.022885 -0.024960 -0.026053 -0.032356 -0.002592 0.037232 0.032059 
-0.074533 0.050680 -0.018062 0.008101 -0.019456 -0.024800 -0.065491 0.034309 0.067317 -0.017646 
-0.081798 0.050680 0.042296 -0.019442 0.039710 0.057558 -0.069172 0.108111 0.047186 -0.038357 
-0.067268 -0.044642 -0.054707 -0.026328 -0.075870 -0.082106 0.048640 -0.076395 -0.086829 -0.104630 
0.005383 -0.044642 -0.002973 0.049415 0.074108 0.070710 0.044958 -0.002592 -0.001499 -0.009362 
-0.001882 -0.044642 -0.066563 0.001215 -0.002945 0.003070 0.011824 -0.002592 -0.020289 -0.025930 
0.009016 -0.044642 -0.012673 0.028758 -0.018080 -0.005072 -0.047082 0.034309 0.023375 -0.005220 
-0.005515 0.050680 -0.041774 -0.043542 -0.079998 -0.076156 -0.032356 -0.039493 0.010226 -0.009362 
0.056239 0.050680 -0.030996 0.008101 0.019070 0.021233 0.033914 -0.039493 -0.029528 -0.059067 
0.009016 0.050680 -0.005128 -0.064199 0.069981 0.083863 -0.039719 0.071210 0.039540 0.019633 
-0.067268 -0.044642 -0.059019 0.032201 -0.051103 -0.049539 -0.010266 -0.039493 0.002008 0.023775 
0.027178 0.050680 0.025051 0.014987 0.025950 0.048477 -0.039719 0.034309 0.007837 0.023775 
-0.023677 -0.044642 -0.046085 -0.033214 0.032830 0.036264 0.037595 -0.002592 -0.033249 0.011349 
0.048974 0.050680 0.003494 0.070073 -0.008449 0.013404 -0.054446 0.034309 0.013316 0.036201 
-0.052738 -0.044642 0.054152 -0.026328 -0.055231 -0.033881 -0.013948 -0.039493 -0.074089 -0.059067 
0.041708 -0.044642 -0.045007 0.034496 0.043837 -0.015719 0.037595 -0.014401 0.089899 0.007207 
0.056239 -0.044642 -0.057941 -0.007966 0.052093 0.049103 0.056003 -0.021412 -0.028320 0.044485 
-0.034575 0.050680 -0.055785 -0.015999 -0.009825 -0.007890 0.037595 -0.039493 -0.052959 0.027917 
0.081666 0.050680 0.001339 0.035644 0.126395 0.091065 0.019187 0.034309 0.084495 -0.030072 
-0.001882 0.050680 0.030440 0.052858 0.039710 0.056619 -0.039719 0.071210 0.025393 0.027917 
0.110727 0.050680 0.006728 0.028758 -0.027712 -0.007264 -0.047082 0.034309 0.002008 0.077622 
-0.030942 -0.044642 0.046607 0.014987 -0.016704 -0.047034 0.000779 -0.002592 0.063456 -0.025930 
0.001751 0.050680 0.026128 -0.009113 0.024574 0.038456 -0.021311 0.034309 0.009436 0.003064 
0.009016 -0.044642 0.045529 0.028758 0.012191 -0.013840 0.026550 -0.039493 0.046132 0.036201 
0.030811 -0.044642 0.040140 0.076958 0.017694 0.037830 -0.028674 0.034309 -0.001499 0.119043 
0.038076 0.050680 -0.018062 0.066630 -0.051103 -0.016658 -0.076536 0.034309 -0.011901 -0.013504 
0.009016 -0.044642 0.014272 0.014987 0.054845 0.047224 0.070730 -0.039493 -0.033249 -0.059067 
0.092564 -0.044642 0.036907 0.021872 -0.024960 -0.016658 0.000779 -0.039493 -0.022512 -0.021788 
0.067136 -0.044642 0.003494 0.035644 0.049341 0.031254 0.070730 -0.039493 -0.000609 0.019633 
0.001751 -0.044642 -0.070875 -0.022885 -0.001569 -0.001001 0.026550 -0.039493 -0.022512 0.007207 
0.030811 -0.044642 -0.033151 -0.022885 -0.046975 -0.081167 0.103865 -0.076395 -0.039810 -0.054925 
0.027178 0.050680 0.094031 0.097616 -0.034592 -0.032002 -0.043401 -0.002592 0.036646 0.106617 
0.012648 0.050680 0.035829 0.049415 0.053469 0.074155 -0.069172 0.145012 0.045601 0.048628 
0.074401 -0.044642 0.031517 0.101058 0.046589 0.036890 0.015505 -0.002592 0.033657 0.044485 
-0.041840 -0.044642 -0.065486 -0.040099 -0.005697 0.014344 -0.043401 0.034309 0.007027 -0.013504 
-0.089063 -0.044642 -0.041774 -0.019442 -0.066239 -0.074277 0.008142 -0.039493 0.001144 -0.030072 
0.023546 0.050680 -0.039618 -0.005671 -0.048351 -0.033255 0.011824 -0.039493 -0.101644 -0.067351 
-0.045472 -0.044642 -0.038540 -0.026328 -0.015328 0.000878 -0.032356 -0.002592 0.001144 -0.038357 
-0.023677 0.050680 -0.025607 0.042530 -0.053855 -0.047660 -0.021311 -0.039493 0.001144 0.019633 
-0.099961 -0.044642 -0.023451 -0.064199 -0.057983 -0.060186 0.011824 -0.039493 -0.018118 -0.050783 
-0.027310 -0.044642 -0.066563 -0.112400 -0.049727 -0.041397 0.000779 -0.039493 -0.035817 -0.009362 
0.030811 0.050680 0.032595 0.049415 -0.040096 -0.043589 -0.069172 0.034309 0.063017 0.003064 
-0.103593 0.050680 -0.046085 -0.026328 -0.024960 -0.024800 0.030232 -0.039493 -0.039810 -0.054925 
0.067136 0.050680 -0.029918 0.057449 -0.000193 -0.015719 0.074412 -0.050564 -0.038459 0.007207 
-0.052738 -0.044642 -0.012673 -0.060757 -0.000193 0.008081 0.011824 -0.002592 -0.027129 -0.050783 
-0.027310 0.050680 -0.015906 -0.029771 0.003935 -0.000688 0.041277 -0.039493 -0.023645 0.011349 
-0.038207 0.050680 0.071397 -0.057314 0.153914 0.155887 0.000779 0.071948 0.050276 0.069338 
0.009016 -0.044642 -0.030996 0.021872 0.008063 0.008707 0.004460 -0.002592 0.009436 0.011349 
0.012648 0.050680 0.000261 -0.011409 0.039710 0.057245 -0.039719 0.056081 0.024053 0.032059 
0.067136 -0.044642 0.036907 -0.050428 -0.023584 -0.034508 0.048640 -0.039493 -0.025952 -0.038357 
0.045341 -0.044642 0.039062 0.045972 0.006687 -0.024174 0.008142 -0.012556 0.064328 0.056912 
0.067136 0.050680 -0.014828 0.058596 -0.059359 -0.034508 -0.061809 0.012906 -0.005145 0.048628 
0.027178 -0.044642 0.006728 0.035644 0.079612 0.070710 0.015505 0.034309 0.040672 0.011349 
0.056239 -0.044642 -0.068719 -0.068790 -0.000193 -0.001001 0.044958 -0.037648 -0.048362 -0.001078 
0.034443 0.050680 -0.009439 0.059744 -0.035968 -0.007577 -0.076536 0.071210 0.011008 -0.021788 
0.023546 -0.044642 0.019662 -0.012556 0.083740 0.038769 0.063367 -0.002592 0.066048 0.048628 
0.048974 0.050680 0.074630 0.066630 -0.009825 -0.002253 -0.043401 0.034309 0.033657 0.019633 
0.030811 0.050680 -0.008362 0.004658 0.014942 0.027496 0.008142 -0.008127 -0.029528 0.056912 
-0.103593 0.050680 -0.023451 -0.022885 -0.086878 -0.067701 -0.017629 -0.039493 -0.078141 -0.071494 
0.016281 0.050680 -0.046085 0.011544 -0.033216 -0.016032 -0.010266 -0.002592 -0.043985 -0.042499 
-0.060003 0.050680 0.054152 -0.019442 -0.049727 -0.048912 0.022869 -0.039493 -0.043985 -0.005220 
-0.027310 -0.044642 -0.035307 -0.029771 -0.056607 -0.058620 0.030232 -0.039493 -0.049868 -0.129483 
0.041708 -0.044642 -0.032073 -0.061904 0.079612 0.050982 0.056003 -0.009972 0.045066 -0.059067 
-0.081798 -0.044642 -0.081653 -0.040099 0.002559 -0.018537 0.070730 -0.039493 -0.010904 -0.092204 
-0.041840 -0.044642 0.047685 0.059744 0.127771 0.128016 -0.024993 0.108111 0.063893 0.040343 
-0.012780 -0.044642 0.060618 0.052858 0.047965 0.029375 -0.017629 0.034309 0.070211 0.007207 
0.067136 -0.044642 0.056307 0.073515 -0.013953 -0.039205 -0.032356 -0.002592 0.075738 0.036201 
-0.052738 0.050680 0.098342 0.087287 0.060349 0.048790 -0.058127 0.108111 0.084495 0.040343 
0.005383 -0.044642 0.059541 -0.056166 0.024574 0.052861 -0.043401 0.050914 -0.004220 -0.030072 
0.081666 -0.044642 0.033673 0.008101 0.052093 0.056619 -0.017629 0.034309 0.034864 0.069338 
0.030811 0.050680 0.056307 0.076958 0.049341 -0.012274 -0.036038 0.071210 0.120053 0.090049 
0.001751 -0.044642 -0.065486 -0.005671 -0.007073 -0.019476 0.041277 -0.039493 -0.003304 0.007207 
-0.049105 -0.044642 0.160855 -0.046985 -0.029088 -0.019790 -0.047082 0.034309 0.028017 0.011349 
-0.027310 0.050680 -0.055785 0.025315 -0.007073 -0.023547 0.052322 -0.039493 -0.005145 -0.050783 
0.078034 0.050680 -0.024529 -0.042395 0.006687 0.052861 -0.069172 0.080804 -0.037128 0.056912 
0.012648 -0.044642 -0.036385 0.042530 -0.013953 0.012934 -0.026833 0.005157 -0.043985 0.007207 
0.041708 -0.044642 -0.008362 -0.057314 0.008063 -0.031376 0.151726 -0.076395 -0.080237 -0.017646 
0.048974 -0.044642 -0.041774 0.104501 0.035582 -0.025739 0.177497 -0.076395 -0.012908 0.015491 
-0.016412 0.050680 0.127443 0.097616 0.016318 0.017475 -0.021311 0.034309 0.034864 0.003064 
-0.074533 0.050680 -0.077342 -0.046985 -0.046975 -0.032629 0.004460 -0.039493 -0.072128 -0.017646 
0.034443 0.050680 0.028284 -0.033214 -0.045599 -0.009769 -0.050764 -0.002592 -0.059473 -0.021788 
-0.034575 0.050680 -0.025607 -0.017147 0.001183 -0.002880 0.008142 -0.015508 0.014823 0.040343 
-0.052738 0.050680 -0.062252 0.011544 -0.008449 -0.036700 0.122273 -0.076395 -0.086829 0.003064 
0.059871 -0.044642 -0.000817 -0.084857 0.075484 0.079478 0.004460 0.034309 0.023375 0.027917 
0.063504 0.050680 0.088642 0.070073 0.020446 0.037517 -0.050764 0.071210 0.029300 0.073480 
0.009016 -0.044642 -0.032073 -0.026328 0.042462 -0.010395 0.159089 -0.076395 -0.011901 -0.038357 
0.005383 0.050680 0.030440 0.083844 -0.037344 -0.047347 0.015505 -0.039493 0.008640 0.015491 
0.038076 0.050680 0.008883 0.042530 -0.042848 -0.021042 -0.039719 -0.002592 -0.018118 0.007207 
0.012648 -0.044642 0.006728 -0.056166 -0.075870 -0.066449 -0.021311 -0.037648 -0.018118 -0.092204 
0.074401 0.050680 -0.020218 0.045972 0.074108 0.032819 -0.036038 0.071210 0.106354 0.036201 
0.016281 -0.044642 -0.024529 0.035644 -0.007073 -0.003193 -0.013948 -0.002592 0.015567 0.015491 
-0.005515 0.050680 -0.011595 0.011544 -0.022208 -0.015406 -0.021311 -0.002592 0.011008 0.069338 
0.012648 -0.044642 0.026128 0.063187 0.125019 0.091691 0.063367 -0.002592 0.057573 -0.021788 
-0.034575 -0.044642 -0.059019 0.001215 -0.053855 -0.078035 0.067048 -0.076395 -0.021394 0.015491 
0.067136 0.050680 -0.036385 -0.084857 -0.007073 0.019667 -0.054446 0.034309 0.001144 0.032059 
0.038076 0.050680 -0.024529 0.004658 -0.026336 -0.026366 0.015505 -0.039493 -0.015998 -0.025930 
0.009016 0.050680 0.018584 0.039087 0.017694 0.010586 0.019187 -0.002592 0.016305 -0.017646 
-0.092695 0.050680 -0.090275 -0.057314 -0.024960 -0.030437 -0.006584 -0.002592 0.024053 0.003064 
0.070769 -0.044642 -0.005128 -0.005671 0.087868 0.102965 0.011824 0.034309 -0.008944 0.027917 
-0.016412 -0.044642 -0.052552 -0.033214 -0.044223 -0.036387 0.019187 -0.039493 -0.068330 -0.030072 
0.041708 0.050680 -0.022373 0.028758 -0.066239 -0.045155 -0.061809 -0.002592 0.002864 -0.054925 
0.012648 -0.044642 -0.020218 -0.015999 0.012191 0.021233 -0.076536 0.108111 0.059881 -0.021788 
-0.038207 -0.044642 -0.054707 -0.077971 -0.033216 -0.086490 0.140681 -0.076395 -0.019197 -0.005220 
0.045341 -0.044642 -0.006206 -0.015999 0.125019 0.125198 0.019187 0.034309 0.032433 -0.005220 
0.070769 0.050680 -0.016984 0.021872 0.043837 0.056305 0.037595 -0.002592 -0.070209 -0.017646 
-0.074533 0.050680 0.055229 -0.040099 0.053469 0.053174 -0.043401 0.071210 0.061238 -0.034215 
0.059871 0.050680 0.076786 0.025315 0.001183 0.016849 -0.054446 0.034309 0.029936 0.044485 
0.074401 -0.044642 0.018584 0.063187 0.061725 0.042840 0.008142 -0.002592 0.058039 -0.059067 
0.009016 -0.044642 -0.022373 -0.032066 -0.049727 -0.068641 0.078093 -0.070859 -0.062913 -0.038357 
-0.070900 -0.044642 0.092953 0.012691 0.020446 0.042527 0.000779 0.000360 -0.054544 -0.001078 
0.023546 0.050680 -0.030996 -0.005671 -0.016704 0.017788 -0.032356 -0.002592 -0.074089 -0.034215 
-0.052738 0.050680 0.039062 -0.040099 -0.005697 -0.012900 0.011824 -0.039493 0.016305 0.003064 
0.067136 -0.044642 -0.061174 -0.040099 -0.026336 -0.024487 0.033914 -0.039493 -0.056158 -0.059067 
0.001751 -0.044642 -0.008362 -0.064199 -0.038720 -0.024487 0.004460 -0.039493 -0.064683 -0.054925 
0.023546 0.050680 -0.037463 -0.046985 -0.091006 -0.075530 -0.032356 -0.039493 -0.030751 -0.013504 
0.038076 0.050680 -0.013751 -0.015999 -0.035968 -0.021982 -0.013948 -0.002592 -0.025952 -0.001078 
0.016281 -0.044642 0.073552 -0.041247 -0.004321 -0.013527 -0.013948 -0.001116 0.042896 0.044485 
-0.001882 0.050680 -0.024529 0.052858 0.027326 0.030001 0.030232 -0.002592 -0.021394 0.036201 
0.012648 -0.044642 0.033673 0.033349 0.030078 0.027183 -0.002903 0.008847 0.031193 0.027917 
0.074401 -0.044642 0.034751 0.094173 0.057597 0.020293 0.022869 -0.002592 0.073802 -0.021788 
0.041708 0.050680 -0.038540 0.052858 0.076860 0.116430 -0.039719 0.071210 -0.022512 -0.013504 
-0.009147 0.050680 -0.039618 -0.040099 -0.008449 0.016222 -0.065491 0.071210 0.017763 -0.067351 
0.009016 0.050680 -0.001895 0.021872 -0.038720 -0.024800 -0.006584 -0.039493 -0.039810 -0.013504 
0.067136 0.050680 -0.030996 0.004658 0.024574 0.035638 -0.028674 0.034309 0.023375 0.081764 
0.001751 -0.044642 -0.046085 -0.033214 -0.073119 -0.081480 0.044958 -0.069383 -0.061177 -0.079778 
-0.009147 0.050680 0.001339 -0.002228 0.079612 0.070084 0.033914 -0.002592 0.026714 0.081764 
-0.005515 -0.044642 0.064930 0.035644 -0.001569 0.014970 -0.013948 0.000729 -0.018118 0.032059 
0.096197 -0.044642 0.040140 -0.057314 0.045213 0.060690 -0.021311 0.036154 0.012553 0.023775 
-0.074533 -0.044642 -0.023451 -0.005671 -0.020832 -0.014153 0.015505 -0.039493 -0.038459 -0.030072 
0.059871 0.050680 0.053074 0.052858 0.032830 0.019667 -0.010266 0.034309 0.055205 -0.001078 
-0.023677 -0.044642 0.040140 -0.012556 -0.009825 -0.001001 -0.002903 -0.002592 -0.011901 -0.038357 
0.009016 -0.044642 -0.020218 -0.053871 0.031454 0.020607 0.056003 -0.039493 -0.010904 -0.001078 
0.016281 0.050680 0.014272 0.001215 0.001183 -0.021355 -0.032356 0.034309 0.074968 0.040343 
0.019913 -0.044642 -0.034229 0.055153 0.067229 0.074155 -0.006584 0.032833 0.024725 0.069338 
0.088931 -0.044642 0.006728 0.025315 0.030078 0.008707 0.063367 -0.039493 0.009436 0.032059 
0.019913 -0.044642 0.004572 0.045972 -0.018080 -0.054549 0.063367 -0.039493 0.028661 0.061054 
-0.023677 -0.044642 0.030440 -0.005671 0.082364 0.092004 -0.017629 0.071210 0.033047 0.003064 
0.096197 -0.044642 0.051996 0.079254 0.054845 0.036577 -0.076536 0.141322 0.098646 0.061054 
0.023546 0.050680 0.061696 0.062039 0.024574 -0.036073 -0.091262 0.155345 0.133396 0.081764 
0.070769 0.050680 -0.007284 0.049415 0.060349 -0.004445 -0.054446 0.108111 0.129019 0.056912 
0.030811 -0.044642 0.005650 0.011544 0.078236 0.077913 -0.043401 0.108111 0.066048 0.019633 
-0.001882 -0.044642 0.054152 -0.066495 0.072732 0.056619 -0.043401 0.084863 0.084495 0.048628 
0.045341 0.050680 -0.008362 -0.033214 -0.007073 0.001191 -0.039719 0.034309 0.029936 0.027917 
0.074401 -0.044642 0.114509 0.028758 0.024574 0.024991 0.019187 -0.002592 -0.000609 -0.005220 
-0.038207 -0.044642 0.067085 -0.060757 -0.029088 -0.023234 -0.010266 -0.002592 -0.001499 0.019633 
-0.012780 0.050680 -0.055785 -0.002228 -0.027712 -0.029184 0.019187 -0.039493 -0.017052 0.044485 
0.009016 0.050680 0.030440 0.042530 -0.002945 0.036890 -0.065491 0.071210 -0.023645 0.015491 
0.081666 0.050680 -0.025607 -0.036656 -0.070367 -0.046407 -0.039719 -0.002592 -0.041180 -0.005220 
0.030811 -0.044642 0.104809 0.076958 -0.011201 -0.011335 -0.058127 0.034309 0.057104 0.036201 
0.027178 0.050680 -0.006206 0.028758 -0.016704 -0.001627 -0.058127 0.034309 0.029300 0.032059 
-0.060003 0.050680 -0.047163 -0.022885 -0.071743 -0.057681 -0.006584 -0.039493 -0.062913 -0.054925 
0.005383 -0.044642 -0.048241 -0.012556 0.001183 -0.006637 0.063367 -0.039493 -0.051401 -0.059067 
-0.020045 -0.044642 0.085408 -0.036656 0.091996 0.089499 -0.061809 0.145012 0.080948 0.052770 
0.019913 0.050680 -0.012673 0.070073 -0.011201 0.007141 -0.039719 0.034309 0.005384 0.003064 
-0.063635 -0.044642 -0.033151 -0.033214 0.001183 0.024051 -0.024993 -0.002592 -0.022512 -0.059067 
0.027178 -0.044642 -0.007284 -0.050428 0.075484 0.056619 0.033914 -0.002592 0.043443 0.015491 
-0.016412 -0.044642 -0.013751 0.132044 -0.009825 -0.003819 0.019187 -0.039493 -0.035817 -0.030072 
0.030811 0.050680 0.059541 0.056301 -0.022208 0.001191 -0.032356 -0.002592 -0.024791 -0.017646 
0.056239 0.050680 0.021817 0.056301 -0.007073 0.018101 -0.032356 -0.002592 -0.023645 0.023775 
-0.020045 -0.044642 0.018584 0.090730 0.003935 0.008707 0.037595 -0.039493 -0.057800 0.007207 
-0.107226 -0.044642 -0.011595 -0.040099 0.049341 0.064447 -0.013948 0.034309 0.007027 -0.030072 
0.081666 0.050680 -0.002973 -0.033214 0.042462 0.057871 -0.010266 0.034309 -0.000609 -0.001078 
0.005383 0.050680 0.017506 0.032201 0.127771 0.127390 -0.021311 0.071210 0.062575 0.015491 
0.038076 0.050680 -0.029918 -0.074528 -0.012577 -0.012587 0.004460 -0.002592 0.003712 -0.030072 
0.030811 -0.044642 -0.020218 -0.005671 -0.004321 -0.029497 0.078093 -0.039493 -0.010904 -0.001078 
0.001751 0.050680 -0.057941 -0.043542 -0.096510 -0.047034 -0.098625 0.034309 -0.061177 -0.071494 
-0.027310 0.050680 0.060618 0.107944 0.012191 -0.017598 -0.002903 -0.002592 0.070211 0.135612 
-0.085430 0.050680 -0.040696 -0.033214 -0.081374 -0.069580 -0.006584 -0.039493 -0.057800 -0.042499 
0.012648 0.050680 -0.071952 -0.046985 -0.051103 -0.097137 0.118591 -0.076395 -0.020289 -0.038357 
-0.052738 -0.044642 -0.055785 -0.036656 0.089244 -0.003193 0.008142 0.034309 0.132373 0.003064 
-0.023677 0.050680 0.045529 0.021872 0.109883 0.088873 0.000779 0.034309 0.074193 0.061054 
-0.074533 0.050680 -0.009439 0.014987 -0.037344 -0.021669 -0.013948 -0.002592 -0.033249 0.011349 
-0.005515 0.050680 -0.033151 -0.015999 0.008063 0.016222 0.015505 -0.002592 -0.028320 -0.075636 
-0.060003 0.050680 0.049840 0.018429 -0.016704 -0.030124 -0.017629 -0.002592 0.049769 -0.059067 
-0.020045 -0.044642 -0.084886 -0.026328 -0.035968 -0.034194 0.041277 -0.051671 -0.082381 -0.046641 
0.038076 0.050680 0.005650 0.032201 0.006687 0.017475 -0.024993 0.034309 0.014823 0.061054 
0.016281 -0.044642 0.020739 0.021872 -0.013953 -0.013214 -0.006584 -0.002592 0.013316 0.040343 
0.041708 -0.044642 -0.007284 0.028758 -0.042848 -0.048286 0.052322 -0.076395 -0.072128 0.023775 
0.019913 0.050680 0.104809 0.070073 -0.035968 -0.026679 -0.024993 -0.002592 0.003712 0.040343 
-0.049105 0.050680 -0.024529 0.000068 -0.046975 -0.028245 -0.065491 0.028405 0.019199 0.011349 
0.001751 0.050680 -0.006206 -0.019442 -0.009825 0.004949 -0.039719 0.034309 0.014823 0.098333 
0.034443 -0.044642 -0.038540 -0.012556 0.009439 0.005262 -0.006584 -0.002592 0.031193 0.098333 
-0.045472 0.050680 0.137143 -0.015999 0.041086 0.031880 -0.043401 0.071210 0.071022 0.048628 
-0.009147 0.050680 0.170555 0.014987 0.030078 0.033759 -0.021311 0.034309 0.033657 0.032059 
-0.016412 0.050680 0.002417 0.014987 0.021822 -0.010082 -0.024993 0.034309 0.085533 0.081764 
-0.009147 -0.044642 0.037984 -0.040099 -0.024960 -0.003819 -0.043401 0.015858 -0.005145 0.027917 
0.019913 -0.044642 -0.057941 -0.057314 -0.001569 -0.012587 0.074412 -0.039493 -0.061177 -0.075636 
0.052606 0.050680 -0.009439 0.049415 0.050717 -0.019163 -0.013948 0.034309 0.119344 -0.017646 
-0.027310 0.050680 -0.023451 -0.015999 0.013567 0.012778 0.026550 -0.002592 -0.010904 -0.021788 
-0.074533 -0.044642 -0.010517 -0.005671 -0.066239 -0.057054 -0.002903 -0.039493 -0.042572 -0.001078 
-0.107226 -0.044642 -0.034229 -0.067642 -0.063487 -0.070520 0.008142 -0.039493 -0.000609 -0.079778 
0.045341 0.050680 -0.002973 0.107944 0.035582 0.022485 0.026550 -0.002592 0.028017 0.019633 
-0.001882 -0.044642 0.068163 -0.005671 0.119515 0.130208 -0.024993 0.086708 0.046132 -0.001078 
0.019913 0.050680 0.009961 0.018429 0.014942 0.044719 -0.061809 0.071210 0.009436 -0.063209 
0.016281 0.050680 0.002417 -0.005671 -0.005697 0.010899 -0.050764 0.034309 0.022692 -0.038357 
-0.001882 -0.044642 -0.038540 0.021872 -0.108893 -0.115613 0.022869 -0.076395 -0.046879 0.023775 
0.016281 -0.044642 0.026128 0.058596 -0.060735 -0.044215 -0.013948 -0.033958 -0.051401 -0.025930 
-0.070900 0.050680 -0.089197 -0.074528 -0.042848 -0.025739 -0.032356 -0.002592 -0.012908 -0.054925 
0.048974 -0.044642 0.060618 -0.022885 -0.023584 -0.072712 -0.043401 -0.002592 0.104138 0.036201 
0.005383 0.050680 -0.028840 -0.009113 -0.031840 -0.028871 0.008142 -0.039493 -0.018118 0.007207 
0.034443 0.050680 -0.029918 0.004658 0.093372 0.086994 0.033914 -0.002592 0.024053 -0.038357 
0.023546 0.050680 -0.019140 0.049415 -0.063487 -0.061125 0.004460 -0.039493 -0.025952 -0.013504 
0.019913 -0.044642 -0.040696 -0.015999 -0.008449 -0.017598 0.052322 -0.039493 -0.030751 0.003064 
-0.045472 -0.044642 0.015350 -0.074528 -0.049727 -0.017284 -0.028674 -0.002592 -0.104365 -0.075636 
0.052606 0.050680 -0.024529 0.056301 -0.007073 -0.005072 -0.021311 -0.002592 0.026714 -0.038357 
-0.005515 0.050680 0.001339 -0.084857 -0.011201 -0.016658 0.048640 -0.039493 -0.041180 -0.088062 
0.009016 0.050680 0.069241 0.059744 0.017694 -0.023234 -0.047082 0.034309 0.103292 0.073480 
-0.023677 -0.044642 -0.069797 -0.064199 -0.059359 -0.050478 0.019187 -0.039493 -0.089137 -0.050783 
-0.041840 0.050680 -0.029918 -0.002228 0.021822 0.036577 0.011824 -0.002592 -0.041180 0.065196 
-0.074533 -0.044642 -0.046085 -0.043542 -0.029088 -0.023234 0.015505 -0.039493 -0.039810 -0.021788 
0.034443 -0.044642 0.018584 0.056301 0.012191 -0.054549 -0.069172 0.071210 0.130081 0.007207 
-0.060003 -0.044642 0.001339 -0.029771 -0.007073 -0.021669 0.011824 -0.002592 0.031815 -0.054925 
-0.085430 0.050680 -0.030996 -0.022885 -0.063487 -0.054236 0.019187 -0.039493 -0.096433 -0.034215 
0.052606 -0.044642 -0.004050 -0.030918 -0.046975 -0.058307 -0.013948 -0.025840 0.036056 0.023775 
0.012648 -0.044642 0.015350 -0.033214 0.041086 0.032193 -0.002903 -0.002592 0.045066 -0.067351 
0.059871 0.050680 0.022895 0.049415 0.016318 0.011838 -0.013948 -0.002592 0.039540 0.019633 
-0.023677 -0.044642 0.045529 0.090730 -0.018080 -0.035447 0.070730 -0.039493 -0.034524 -0.009362 
0.016281 -0.044642 -0.045007 -0.057314 -0.034592 -0.053923 0.074412 -0.076395 -0.042572 0.040343 
0.110727 0.050680 -0.033151 -0.022885 -0.004321 0.020293 -0.061809 0.071210 0.015567 0.044485 
-0.020045 -0.044642 0.097264 -0.005671 -0.005697 -0.023861 -0.021311 -0.002592 0.061686 0.040343 
-0.016412 -0.044642 0.054152 0.070073 -0.033216 -0.027931 0.008142 -0.039493 -0.027129 -0.009362 
0.048974 0.050680 0.123131 0.083844 -0.104765 -0.100895 -0.069172 -0.002592 0.036646 -0.030072 
-0.056370 -0.044642 -0.080575 -0.084857 -0.037344 -0.037013 0.033914 -0.039493 -0.056158 -0.137767 
0.027178 -0.044642 0.092953 -0.052723 0.008063 0.039709 -0.028674 0.021024 -0.048362 0.019633 
0.063504 -0.044642 -0.050396 0.107944 0.031454 0.019354 -0.017629 0.023608 0.058039 0.040343 
-0.052738 0.050680 -0.011595 0.056301 0.056221 0.072902 -0.039719 0.071210 0.030566 -0.005220 
-0.009147 0.050680 -0.027762 0.008101 0.047965 0.037203 -0.028674 0.034309 0.066048 -0.042499 
0.005383 -0.044642 0.058463 -0.043542 -0.073119 -0.072399 0.019187 -0.076395 -0.051401 -0.025930 
0.074401 -0.044642 0.085408 0.063187 0.014942 0.013091 0.015505 -0.002592 0.006209 0.085907 
-0.052738 -0.044642 -0.000817 -0.026328 0.010815 0.007141 0.048640 -0.039493 -0.035817 0.019633 
0.081666 0.050680 0.006728 -0.004523 0.109883 0.117056 -0.032356 0.091875 0.054724 0.007207 
-0.005515 -0.044642 0.008883 -0.050428 0.025950 0.047224 -0.043401 0.071210 0.014823 0.003064 
-0.027310 -0.044642 0.080019 0.098763 -0.002945 0.018101 -0.017629 0.003312 -0.029528 0.036201 
-0.052738 -0.044642 0.071397 -0.074528 -0.015328 -0.001314 0.004460 -0.021412 -0.046879 0.003064 
0.009016 -0.044642 -0.024529 -0.026328 0.098876 0.094196 0.070730 -0.002592 -0.021394 0.007207 
-0.020045 -0.044642 -0.054707 -0.053871 -0.066239 -0.057367 0.011824 -0.039493 -0.074089 -0.005220 
0.023546 -0.044642 -0.036385 0.000068 0.001183 0.034698 -0.043401 0.034309 -0.033249 0.061054 
0.038076 0.050680 0.016428 0.021872 0.039710 0.045032 -0.043401 0.071210 0.049769 0.015491 
