54
0 0
758 0
758 544
0 544
282 374
388 368
484 368
282 267
392 283
494 271
387 208
183 210
396 74
576 223
636 333
642 383
651 515
584 481
730 283
705 270
703 47
628 140
482 143
296 136
149 143
60 286
139 370
86 359
149 267
204 237
374 433
384 413
145 478
142 454
124 520
55 20
493 386
300 328
336 297
441 296
481 331
442 353
343 347
299 350
232 388
391 494
389 346
391 292
462 229
407 230
369 230
330 226
312 217
474 218
1 3 25 35 
18 2 0 35 12 20 
15 16 45 34 3 1 18 
33 27 25 0 2 34 
44 30 42 43 37 
46 42 31 41 
36 40 41 
29 44 37 38 51 52 
50 38 47 39 49 
48 39 40 14 13 53 
53 22 12 23 52 51 50 49 
23 24 28 29 
35 23 10 22 20 1 
9 14 19 21 22 53 
36 15 18 19 13 9 40 
36 17 16 2 18 14 
2 15 17 45 
16 15 36 45 
14 15 2 1 20 19 
20 21 13 14 18 
19 18 1 12 22 21 
22 13 19 20 
53 13 21 20 12 10 
10 12 35 24 11 29 52 
25 28 11 23 35 
24 35 0 3 27 28 
28 27 33 44 
33 26 28 25 3 
29 11 24 25 27 26 44 
7 52 23 11 28 44 
45 31 42 4 44 
30 45 36 41 5 42 
44 33 34 45 
44 26 27 3 34 32 
45 32 33 3 2 
12 1 0 25 24 23 
45 17 15 14 40 6 41 31 
44 4 43 42 38 7 
50 51 7 37 42 46 47 8 
8 47 46 41 40 9 48 49 
41 6 36 14 9 39 
46 5 31 36 6 40 39 
38 37 43 4 30 31 5 46 
42 37 4 
4 37 7 29 28 26 33 32 45 30 
34 2 16 17 36 31 30 44 32 
47 38 42 5 41 39 
46 39 8 38 
53 49 39 9 
48 53 10 50 8 39 
51 38 8 49 10 
52 7 38 50 10 
23 29 7 51 10 
13 22 10 49 48 9 
