68
0 0
758 0
758 544
0 544
278 374
392 369
382 415
483 369
494 387
496 271
283 269
389 207
392 283
646 517
643 383
636 333
579 223
693 270
730 285
749 266
703 50
392 72
468 145
628 142
549 114
551 141
230 142
228 122
183 208
55 289
157 270
142 373
145 480
145 452
122 513
296 328
328 296
447 294
441 355
346 350
297 351
380 463
581 481
51 21
321 228
366 237
402 235
469 225
386 244
388 120
357 120
420 122
151 147
303 143
388 339
438 337
437 306
392 306
336 310
312 329
344 334
477 330
463 335
233 385
375 430
88 355
131 300
107 412
43 21 1 3 29 
19 2 0 21 20 
14 13 3 1 19 18 
65 29 0 2 13 34 67 
39 40 35 63 41 64 
54 39 6 38 
64 41 8 38 5 39 
38 8 61 62 
14 15 61 7 38 6 41 42 
15 16 47 37 61 
44 26 28 30 63 35 36 
49 50 53 44 45 48 46 47 22 51 
57 56 37 46 48 45 36 58 
42 41 34 3 2 14 
15 8 42 13 2 18 
8 14 18 17 16 9 61 
47 9 15 17 23 25 
23 16 15 18 19 
17 15 14 2 19 
2 1 20 23 17 18 
24 23 19 1 21 
24 20 1 0 43 27 50 49 51 
11 47 25 24 51 
16 17 19 20 24 25 
23 20 21 51 22 25 
24 22 47 16 23 
27 52 28 10 44 53 
26 53 50 21 43 52 
30 10 26 52 
30 52 43 0 3 65 66 
31 63 10 28 52 29 66 
65 67 33 63 30 66 
63 33 67 34 41 
32 63 31 67 
3 13 41 32 67 
63 4 40 59 36 10 
12 45 44 10 35 59 58 
61 9 47 46 12 56 62 
62 55 54 5 6 8 7 
59 40 4 64 6 5 54 60 
35 4 39 59 
34 13 42 8 6 64 4 63 32 
41 13 14 8 
52 27 21 0 29 
53 26 10 36 45 11 
11 44 36 12 48 
48 12 37 47 11 
46 37 9 16 25 22 11 
45 12 46 11 
51 21 50 11 
11 49 21 27 53 
22 24 21 49 11 
28 26 27 43 29 30 
50 27 26 44 11 
60 39 5 38 55 57 
56 57 54 38 62 
37 12 57 55 62 
54 55 56 12 58 60 
57 12 36 59 60 
35 40 39 60 58 36 
58 59 39 54 57 
7 8 15 9 37 62 
61 37 56 55 38 7 
33 32 41 4 35 10 30 31 
41 6 39 4 
67 31 66 29 3 
30 29 65 31 
34 32 33 31 65 3 
